	NOTE: As of 4/1/2015, MKLROOT defined in this module has been changed
	From: /software/easybuild/software/imkl/11.2.2.164-iimpi-7.2.5-GCC-4.9.2
	  To: /software/easybuild/software/imkl/11.2.2.164-iimpi-7.2.5-GCC-4.9.2/mkl
vector cover answer
579 5 478 160 553 545 394 73 3 0 1 2 4 6 632 8 633 9 634 10 635 11 636 12 13 14 16 637 638 17 845 846 639 19 20 21 22 640 641 642 23 25 26 643 644 27 645 646 29 30 31 32 33 35 36 37 39 648 40 41 42 43 44 45 46 47 48 49 50 650 51 651 52 53 54 652 55 56 653 57 58 59 60 61 62 654 63 64 65 655 66 656 67 657 68 69 658 70 72 75 659 660 661 76 77 80 81 82 83 662 663 84 85 86 849 87 664 665 88 89 90 91 666 92 93 94 96 97 98 874 667 99 100 668 101 102 103 104 669 106 670 107 108 850 109 672 110 111 112 113 114 875 115 116 673 117 851 675 118 119 120 676 677 121 678 122 126 127 128 131 679 132 680 133 681 136 682 137 138 683 140 141 684 143 145 146 685 686 150 151 152 153 687 154 852 155 156 689 690 157 159 161 164 165 166 167 168 169 171 691 876 172 173 693 174 175 176 892 854 177 178 694 695 179 180 181 182 183 184 185 186 855 187 188 189 190 191 192 696 193 697 194 196 198 199 200 201 699 700 202 701 203 204 205 206 207 209 703 210 704 211 212 213 215 217 218 705 219 706 220 221 222 223 224 225 707 226 227 228 229 230 708 709 231 232 710 234 711 235 236 712 237 238 239 240 241 242 713 243 244 245 247 248 249 250 251 252 253 254 255 714 256 257 259 715 260 716 262 717 263 264 265 266 267 720 268 721 270 271 722 272 273 274 275 276 723 280 281 282 283 284 285 724 287 289 290 291 292 293 294 295 296 297 298 299 300 301 726 727 302 303 728 306 307 308 309 729 311 313 878 731 314 315 732 316 317 733 318 735 319 320 321 322 323 737 325 326 327 328 738 329 330 331 332 740 333 334 335 741 336 337 338 742 743 339 340 341 342 343 344 345 346 347 348 349 351 352 353 744 354 355 356 745 746 747 357 358 359 360 748 749 750 362 363 751 752 364 753 365 366 367 368 858 369 371 372 754 373 374 375 376 377 379 380 381 382 383 384 755 756 757 385 758 386 387 759 390 391 392 879 760 393 396 397 398 399 761 400 401 402 403 404 406 762 407 408 409 410 411 763 412 413 414 415 416 417 860 418 764 419 765 420 421 422 423 766 424 425 767 426 768 427 769 428 770 771 429 880 430 772 773 431 432 433 435 436 437 438 439 440 774 441 775 442 776 777 778 444 445 446 448 449 779 450 451 452 780 453 454 781 456 457 458 896 782 784 460 785 461 786 787 462 463 464 789 465 881 468 882 469 470 471 472 473 474 475 476 883 790 477 479 480 481 791 482 483 484 485 487 488 792 793 490 491 492 495 496 497 499 794 500 501 795 502 503 504 505 796 506 507 508 509 510 797 512 513 514 515 517 798 518 519 520 521 522 799 800 523 524 801 802 525 803 526 804 805 528 807 529 808 530 809 865 531 532 534 535 536 537 538 540 810 542 543 544 546 811 547 548 549 550 812 551 552 813 554 555 556 557 884 558 814 816 559 817 818 560 819 561 562 564 565 566 567 821 868 568 822 569 570 823 571 824 572 573 574 575 826 577 827 578 828 829 582 830 584 585 586 587 588 589 590 591 592 593 594 832 833 834 595 596 597 598 600 603 604 606 607 835 608 610 611 612 613 614 615 870 616 617 618 620 621 836 837 838 839 871 872 840 622 623 841 624 625 842 843 844 629 630 631 893 493 279 208 142 605 576 888 123 609 489 124 719 599 885 583 867 125 95 788 370 304 135 516 361 718 310 278 147 856 312 692 847 78 34 486 580 627 466 890 730 533 216 149 739 467 148 861 820 305 214 350 702 79 783 628 162 736 539 233 873 261 848 197 674 74 725 527 7 563 269 28 857 246 688 815 258 105 163 15 18 887 24 647 129 139 158 891 170 895 897 195 698 877 286 889 388 405 434 455 498 511 806 869 825 581 619 395 389 602 864 459 277 862 671 863 831 894 859 38 71 378 447 541 601 626 649 288 cover size: 888
leaf count: 10718617

------------------------------------------------------------
Sender: LSF System <lsfadmin@nxt1934>
Subject: Job 1951298: <inf45job> in cluster <Main_Compute> Done

Job <inf45job> was submitted from host <login7> by user <mje72> in cluster <Main_Compute>.
Job was executed on host(s) <nxt1934>, in queue <sn_short>, as user <mje72> in cluster <Main_Compute>.
</home/mje72> was used as the home directory.
</home/mje72/VertexCoverRep/Part3/source3> was used as the working directory.
Started at Tue Nov  3 13:34:00 2015
Results reported on Tue Nov  3 13:49:11 2015

Your job looked like:

------------------------------------------------------------
# LSBATCH: User input
#BSUB -J inf45job

#BSUB -L /bin/bash

#BSUB -W 1:00

#BSUB -o inf45.%J

#BSUB -u mje72@mail.com

#BSUB -n 1
#BSUB -M 600
#BSUB -R 'select[nxt]'
  
module load intel

# 
./a.out -l ../../../Vertex-Cover-MPI/data/PVC-Langston-2011/influensa_0.45.dim.dim

------------------------------------------------------------

Successfully completed.

Resource usage summary:

    CPU time :                                   904.71 sec.
    Max Memory :                                 375 MB
    Average Memory :                             308.72 MB
    Total Requested Memory :                     600.00 MB
    Delta Memory :                               225.00 MB
    Max Processes :                              4
    Max Threads :                                5

The output (if any) is above this job summary.

